first table
5013.038383 4997.840727 100.739809 SL_B5_N
5012.67384 4998.172274 100.717711 SL_B5_E
5012.134649 4997.413832 100.740733 SL_B5_S
5012.361651 4997.157432 100.773055 SL_B5_W
5012.590519 4997.627263 100.746284 SL_B5_C
5013.740448 4997.140609 100.739955 SL_B6_N
5013.079193 4997.793239 100.743502 SL_B6_E
5012.427102 4997.139959 100.770381 SL_B6_S
5013.101404 4996.543155 100.734767 SL_B6_W
5013.065403 4997.162351 100.738748 SL_B6_C
5014.495946 4997.825316 100.718411 SL_C6_N
5013.760276 4998.506134 100.740166 SL_C6_E
5013.127296 4997.853308 100.744249 SL_C6_S
5013.805285 4997.185906 100.734725 SL_C6_W
5013.726754 4997.780288 100.739471 SL_C6_C
5013.729894 4998.535452 100.752245 SL_C5_N
5013.387884 4998.854053 100.756967 SL_C5_E
5012.763782 4998.220024 100.725788 SL_C5_S

second table, longer label
5013.075472 4997.898596 100.742326 SL_C5_W
5013.201027 4998.369031 100.753206 SL_C5_C
5013.204009 4996.77295 100.720061 PF_B6_1_L1911
5013.283553 4996.865088 100.726783 PF_B6_1_L1912
5013.404063 4996.848941 100.729464 PF_B6_1_L1913
5013.44103 4997.069346 100.722707 PF_B6_1_L1914
5013.211665 4996.954803 100.723943 PF_B6_1_L1915
5013.323391 4996.991174 100.721683 PF_B6_1_L1916
5013.940066 4997.425414 100.736607 PF_C6_1_L1917
5013.686159 4997.636007 100.710278 PF_C6_1_L1918
5013.26134 4996.741413 100.711263 PF_B6_1_L1920
5012.882517 4998.234368 100.729597 PF_C5_1_L1919
5013.251331 4997.053042 100.725489 PF_B6_1_L1921
5013.671229 4997.570779 100.700864 PF_C6_1_L1922
5013.13583 4996.641818 100.712241 PF_B6_1_GLASS10
5012.844987 4996.820305 100.709711 PF_B6_1_GLASS11
5013.595771 4997.526861 100.699897 PF_C6_1_L1923
5013.180278 4996.837877 100.711451 PF_B6_1_L1924
5014.024676 4997.524258 100.717127 PF_C6_1_GLASS12

third table, another different label
5012.884297 4997.24741 100.707435 PF_B6_1_C14X232
5013.053219 4997.847578 100.714142 EL_B5_1_N
5012.676068 4998.210201 100.694523 EL_B5_1_E
5011.982387 4997.495568 100.735211 EL_B5_1_S
5012.367767 4997.135166 100.735318 EL_B5_1_W
5012.557004 4997.655604 100.711296 EL_B5_1_C
5013.734709 4997.12122 100.696256 EL_B6_1_N
5013.070563 4997.774189 100.710546 EL_B6_1_E
5012.412756 4997.142957 100.730067 EL_B6_1_S
5013.079329 4996.497028 100.711906 EL_B6_1_W
5013.06953 4997.12255 100.701539 EL_B6_1_C
5014.245392 4997.612795 100.70329 PF_C6_1_L1925
5013.662343 4997.94831 100.708726 PF_C6_1_C14X233
5012.909409 4998.405855 100.685131 PF_C5_1_C14X234
5013.256991 4998.620781 100.716407 PF_C5_1_H414
5013.73496 4998.547431 100.731317 EL_C5_1_N
5013.339328 4998.896972 100.711815 EL_C5_1_E
5012.692454 4998.238706 100.688589 EL_C5_1_S
5013.069067 4997.863223 100.70856 EL_C5_1_W
